[Music_Up]
sendir,1:1,1,38000,1,69,341,170,21,21,21,21,21,21,21,64,21,21,21,64,21,21,21,21,21,64,21,64,21,64,21,21,21,64,21,21,21,64,21,64,21,21,21,64,21,21,21,64,21,64,21,21,21,21,21,21,21,64,21,21,21,64,21,21,21,21,21,64,21,64,21,64,21,1517,341,85,21,3655

[Music_Down]
sendir,1:1,1,38000,1,69,341,170,21,21,21,21,21,21,21,64,21,21,21,64,21,21,21,21,21,64,21,64,21,64,21,21,21,64,21,21,21,64,21,64,21,64,21,64,21,21,21,64,21,64,21,21,21,21,21,21,21,21,21,21,21,64,21,21,21,21,21,64,21,64,21,64,21,1517,341,85,21,3655

[Mic_Up]
sendir,1:1,1,38000,1,69,341,170,21,21,21,21,21,21,21,64,21,21,21,64,21,21,21,21,21,64,21,64,21,64,21,21,21,64,21,21,21,64,21,64,21,64,21,21,21,64,21,21,21,21,21,21,21,21,21,21,21,21,21,64,21,21,21,64,21,64,21,64,21,64,21,64,21,1517,341,85,21,3655

[Mic_Down]
sendir,1:1,1,38000,1,69,341,170,21,21,21,21,21,21,21,64,21,21,21,64,21,21,21,21,21,64,21,64,21,64,21,21,21,64,21,21,21,64,21,64,21,64,21,64,21,21,21,21,21,21,21,21,21,21,21,21,21,21,21,21,21,64,21,64,21,64,21,64,21,64,21,64,21,1517,341,85,21,3655

[Channel_Select]
sendir,1:1,1,38000,1,69,341,170,21,21,21,21,21,21,21,64,21,21,21,64,21,21,21,21,21,64,21,64,21,64,21,21,21,64,21,21,21,64,21,64,21,21,21,64,21,64,21,64,21,64,21,21,21,21,21,21,21,64,21,21,21,21,21,21,21,21,21,64,21,64,21,64,21,1517,341,85,21,3655

[Power On/Off]
sendir,1:1,1,38000,1,69,341,170,21,21,21,21,21,21,21,64,21,21,21,64,21,21,21,21,21,64,21,64,21,64,21,21,21,64,21,21,21,64,21,64,21,21,21,64,21,21,21,21,21,64,21,21,21,21,21,21,21,64,21,21,21,64,21,64,21,21,21,64,21,64,21,64,21,1517,341,85,21,3655

[Power On]
sendir,1:1,1,38000,1,69,341,170,21,21,21,21,21,21,21,64,21,21,21,64,21,21,21,21,21,64,21,64,21,64,21,21,21,64,21,21,21,64,21,64,21,21,21,21,21,21,21,21,21,64,21,21,21,64,21,21,21,64,21,64,21,64,21,64,21,21,21,64,21,21,21,64,21,1517,341,85,21,3655

[Power Off]
sendir,1:1,1,38000,1,69,341,170,21,21,21,21,21,21,21,64,21,21,21,64,21,21,21,21,21,64,21,64,21,64,21,21,21,64,21,21,21,64,21,64,21,64,21,21,21,21,21,21,21,64,21,21,21,64,21,21,21,21,21,64,21,64,21,64,21,21,21,64,21,21,21,64,21,1517,341,85,21,3655

[Auto/WUTA/OFF]
sendir,1:1,1,38000,1,69,341,170,21,21,21,21,21,21,21,64,21,21,21,64,21,21,21,21,21,64,21,64,21,64,21,21,21,64,21,21,21,64,21,64,21,64,21,64,21,64,21,21,21,64,21,21,21,21,21,21,21,21,21,21,21,21,21,64,21,21,21,64,21,64,21,64,21,1517,341,85,21,3655

[Reverb]
sendir,1:1,1,38000,1,69,341,170,21,21,21,21,21,21,21,64,21,21,21,64,21,21,21,21,21,64,21,64,21,64,21,21,21,64,21,21,21,64,21,64,21,64,21,64,21,64,21,21,21,21,21,21,21,21,21,21,21,21,21,21,21,21,21,64,21,64,21,64,21,64,21,64,21,1517,341,85,21,3655

[ECHO]
sendir,1:1,1,38000,1,69,341,170,21,21,21,21,21,21,21,64,21,21,21,64,21,21,21,21,21,64,21,64,21,64,21,21,21,64,21,21,21,64,21,64,21,64,21,64,21,21,21,21,21,64,21,21,21,21,21,21,21,21,21,21,21,64,21,64,21,21,21,64,21,64,21,64,21,1517,341,85,21,3655

[Loud]
sendir,1:1,1,38000,1,69,341,170,21,21,21,21,21,21,21,64,21,21,21,64,21,21,21,21,21,64,21,64,21,64,21,21,21,64,21,21,21,64,21,64,21,21,21,64,21,64,21,21,21,64,21,21,21,21,21,21,21,64,21,21,21,21,21,64,21,21,21,64,21,64,21,64,21,1517,341,85,21,3655

[Mute]
sendir,1:1,1,38000,1,69,341,170,21,21,21,21,21,21,21,64,21,21,21,64,21,21,21,21,21,64,21,64,21,64,21,21,21,64,21,21,21,64,21,64,21,64,21,21,21,21,21,21,21,21,21,21,21,21,21,21,21,21,21,64,21,64,21,64,21,64,21,64,21,64,21,64,21,1517,341,85,21,3655

[Speaker Select]
sendir,1:1,1,38000,1,69,341,170,21,21,21,21,21,21,21,64,21,21,21,64,21,21,21,21,21,64,21,64,21,64,21,21,21,64,21,21,21,64,21,64,21,21,21,21,21,21,21,21,21,21,21,21,21,21,21,21,21,64,21,64,21,64,21,64,21,64,21,64,21,64,21,64,21,1517,341,85,21,3655

[Mic On/Off]
sendir,1:1,1,38000,1,69,341,170,21,21,21,21,21,21,21,64,21,21,21,64,21,21,21,21,21,64,21,64,21,64,21,21,21,64,21,21,21,64,21,64,21,64,21,21,21,21,21,64,21,64,21,21,21,21,21,21,21,21,21,64,21,64,21,21,21,21,21,64,21,64,21,64,21,1517,341,85,21,3655

[1]
sendir,1:1,1,38000,1,69,341,170,21,21,21,21,21,21,21,64,21,21,21,64,21,21,21,21,21,64,21,64,21,64,21,21,21,64,21,21,21,64,21,64,21,64,21,21,21,21,21,21,21,64,21,64,21,21,21,21,21,21,21,64,21,64,21,64,21,21,21,21,21,64,21,64,21,1517,341,85,21,3655

[2]
sendir,1:1,1,38000,1,69,341,170,21,21,21,21,21,21,21,64,21,21,21,64,21,21,21,21,21,64,21,64,21,64,21,21,21,64,21,21,21,64,21,64,21,21,21,64,21,21,21,21,21,64,21,64,21,21,21,21,21,64,21,21,21,64,21,64,21,21,21,21,21,64,21,64,21,1517,341,85,21,3655

[3]
sendir,1:1,1,38000,1,69,341,170,21,21,21,21,21,21,21,64,21,21,21,64,21,21,21,21,21,64,21,64,21,64,21,21,21,64,21,21,21,64,21,64,21,64,21,64,21,21,21,21,21,64,21,64,21,21,21,21,21,21,21,21,21,64,21,64,21,21,21,21,21,64,21,64,21,1517,341,85,21,3655

[4]
sendir,1:1,1,38000,1,69,341,170,21,21,21,21,21,21,21,64,21,21,21,64,21,21,21,21,21,64,21,64,21,64,21,21,21,64,21,21,21,64,21,64,21,21,21,21,21,64,21,21,21,64,21,64,21,21,21,21,21,64,21,64,21,21,21,64,21,21,21,21,21,64,21,64,21,1517,341,85,21,3655

[5]
sendir,1:1,1,38000,1,69,341,170,21,21,21,21,21,21,21,64,21,21,21,64,21,21,21,21,21,64,21,64,21,64,21,21,21,64,21,21,21,64,21,64,21,64,21,21,21,64,21,21,21,64,21,64,21,21,21,21,21,21,21,64,21,21,21,64,21,21,21,21,21,64,21,64,21,1517,341,85,21,3655

[6]
sendir,1:1,1,38000,1,69,341,170,21,21,21,21,21,21,21,64,21,21,21,64,21,21,21,21,21,64,21,64,21,64,21,21,21,64,21,21,21,64,21,64,21,21,21,64,21,64,21,21,21,64,21,64,21,21,21,21,21,64,21,21,21,21,21,64,21,21,21,21,21,64,21,64,21,1517,341,85,21,3655

[7]
sendir,1:1,1,38000,1,69,341,170,21,21,21,21,21,21,21,64,21,21,21,64,21,21,21,21,21,64,21,64,21,64,21,21,21,64,21,21,21,64,21,64,21,64,21,64,21,64,21,21,21,64,21,64,21,21,21,21,21,21,21,21,21,21,21,64,21,21,21,21,21,64,21,64,21,1517,341,85,21,3655

[8]
sendir,1:1,1,38000,1,69,341,170,21,21,21,21,21,21,21,64,21,21,21,64,21,21,21,21,21,64,21,64,21,64,21,21,21,64,21,21,21,64,21,64,21,21,21,21,21,21,21,64,21,64,21,64,21,21,21,21,21,64,21,64,21,64,21,21,21,21,21,21,21,64,21,64,21,1517,341,85,21,3655

[9]
sendir,1:1,1,38000,1,69,341,170,21,21,21,21,21,21,21,64,21,21,21,64,21,21,21,21,21,64,21,64,21,64,21,21,21,64,21,21,21,64,21,64,21,64,21,21,21,21,21,64,21,64,21,64,21,21,21,21,21,21,21,64,21,64,21,21,21,21,21,21,21,64,21,64,21,1517,341,85,21,3655

[0]
sendir,1:1,1,38000,1,69,341,170,21,21,21,21,21,21,21,64,21,21,21,64,21,21,21,21,21,64,21,64,21,64,21,21,21,64,21,21,21,64,21,64,21,21,21,21,21,21,21,21,21,64,21,64,21,21,21,21,21,64,21,64,21,64,21,64,21,21,21,21,21,64,21,64,21,1517,341,85,21,3655

[停止]
sendir,1:1,1,38000,1,69,341,170,21,21,21,21,21,21,21,64,21,21,21,64,21,21,21,21,21,64,21,64,21,64,21,21,21,64,21,21,21,64,21,64,21,64,21,64,21,21,21,64,21,64,21,64,21,21,21,21,21,21,21,21,21,64,21,21,21,21,21,21,21,64,21,64,21,1517,341,85,21,3655

[播放/暫停]
sendir,1:1,1,38000,1,69,341,170,21,21,21,21,21,21,21,64,21,21,21,64,21,21,21,21,21,64,21,64,21,64,21,21,21,64,21,21,21,64,21,64,21,21,21,64,21,21,21,64,21,64,21,64,21,21,21,21,21,64,21,21,21,64,21,21,21,21,21,21,21,64,21,64,21,1517,341,85,21,3655

[錄音]
sendir,1:1,1,38000,1,69,341,170,21,21,21,21,21,21,21,64,21,21,21,64,21,21,21,21,21,64,21,64,21,64,21,21,21,64,21,21,21,64,21,64,21,21,21,64,21,21,21,21,21,21,21,64,21,21,21,21,21,64,21,21,21,64,21,64,21,64,21,21,21,64,21,64,21,1517,341,85,21,3655

[下一首]
sendir,1:1,1,38000,1,69,341,170,21,21,21,21,21,21,21,64,21,21,21,64,21,21,21,21,21,64,21,64,21,64,21,21,21,64,21,21,21,64,21,64,21,64,21,64,21,21,21,21,21,21,21,64,21,21,21,21,21,21,21,21,21,64,21,64,21,64,21,21,21,64,21,64,21,1517,341,85,21,3655

[上一首]
sendir,1:1,1,38000,1,69,341,170,21,21,21,21,21,21,21,64,21,21,21,64,21,21,21,21,21,64,21,64,21,64,21,21,21,64,21,21,21,64,21,64,21,21,21,21,21,64,21,21,21,21,21,64,21,21,21,21,21,64,21,64,21,21,21,64,21,64,21,21,21,64,21,64,21,1517,341,85,21,3655

[循環]
sendir,1:1,1,38000,1,69,341,170,21,21,21,21,21,21,21,64,21,21,21,64,21,21,21,21,21,64,21,64,21,64,21,21,21,64,21,21,21,64,21,64,21,64,21,21,21,64,21,21,21,21,21,64,21,21,21,21,21,21,21,64,21,21,21,64,21,64,21,21,21,64,21,64,21,1517,341,85,21,3655

[等化]
sendir,1:1,1,38000,1,69,341,170,21,21,21,21,21,21,21,64,21,21,21,64,21,21,21,21,21,64,21,64,21,64,21,21,21,64,21,21,21,64,21,64,21,21,21,64,21,64,21,21,21,21,21,64,21,21,21,21,21,64,21,21,21,21,21,64,21,64,21,21,21,64,21,64,21,1517,341,85,21,3655

[資料夾]
sendir,1:1,1,38000,1,69,341,170,21,21,21,21,21,21,21,64,21,21,21,64,21,21,21,21,21,64,21,64,21,64,21,21,21,64,21,21,21,64,21,64,21,64,21,64,21,64,21,21,21,21,21,64,21,21,21,21,21,21,21,21,21,21,21,64,21,64,21,21,21,64,21,64,21,1517,341,85,21,3655

[USB/SD]
sendir,1:1,1,38000,1,69,341,170,21,21,21,21,21,21,21,64,21,21,21,64,21,21,21,21,21,64,21,64,21,64,21,21,21,64,21,21,21,64,21,64,21,21,21,64,21,21,21,64,21,21,21,21,21,21,21,21,21,64,21,21,21,64,21,21,21,64,21,64,21,64,21,64,21,1517,341,85,21,3655