[Power] 
sendir,1:1,1,38000,1,69,341,170,21,64,21,21,21,64,21,64,21,21,21,21,21,64,21,21,21,21,21,21,21,64,21,21,21,64,21,21,21,64,21,21,21,21,21,64,21,64,21,21,21,64,21,21,21,21,21,21,21,64,21,21,21,21,21,64,21,21,21,64,21,64,21,64,21,1517,341,85,21,3655


[Up]
sendir,1:1,1,38000,1,69,341,170,21,64,21,21,21,64,21,64,21,21,21,21,21,64,21,21,21,21,21,21,21,64,21,21,21,64,21,21,21,64,21,21,21,21,21,64,21,64,21,64,21,21,21,21,21,64,21,21,21,64,21,21,21,21,21,21,21,64,21,64,21,21,21,64,21,1517,341,85,21,3655

[LEFT]
sendir,1:1,1,38000,1,69,341,170,21,64,21,21,21,64,21,64,21,21,21,21,21,64,21,21,21,21,21,21,21,64,21,21,21,64,21,21,21,64,21,21,21,21,21,21,21,64,21,21,21,64,21,21,21,21,21,21,21,64,21,64,21,21,21,64,21,21,21,64,21,64,21,64,21,1517,341,85,21,3655

[DOWN]
sendir,1:1,1,38000,1,69,341,170,21,64,21,21,21,64,21,64,21,21,21,21,21,64,21,21,21,21,21,21,21,64,21,21,21,64,21,21,21,64,21,21,21,64,21,64,21,64,21,21,21,64,21,21,21,21,21,21,21,21,21,21,21,21,21,64,21,21,21,64,21,64,21,64,21,1517,341,85,21,3655

[RIGHT]
sendir,1:1,1,38000,1,69,341,170,21,64,21,21,21,64,21,64,21,21,21,21,21,64,21,21,21,21,21,21,21,64,21,21,21,64,21,21,21,64,21,21,21,21,21,64,21,21,21,64,21,64,21,21,21,21,21,21,21,64,21,21,21,64,21,21,21,21,21,64,21,64,21,64,21,1517,341,85,21,3655

[ENTER]
sendir,1:1,1,38000,1,69,341,170,21,64,21,21,21,64,21,64,21,21,21,21,21,64,21,21,21,21,21,21,21,64,21,21,21,64,21,21,21,64,21,21,21,21,21,21,21,64,21,21,21,64,21,21,21,64,21,21,21,64,21,64,21,21,21,64,21,21,21,64,21,21,21,64,21,1517,341,85,21,3655

[1]
sendir,1:1,1,38000,1,69,341,170,21,64,21,21,21,64,21,64,21,21,21,21,21,64,21,21,21,21,21,21,21,64,21,21,21,64,21,21,21,64,21,21,21,64,21,21,21,64,21,64,21,64,21,21,21,21,21,21,21,21,21,64,21,21,21,21,21,21,21,64,21,64,21,64,21,1517,341,85,21,3655

[2]
sendir,1:1,1,38000,1,69,341,170,21,64,21,21,21,64,21,64,21,21,21,21,21,64,21,21,21,21,21,21,21,64,21,21,21,64,21,21,21,64,21,21,21,64,21,64,21,64,21,64,21,64,21,21,21,21,21,21,21,21,21,21,21,21,21,21,21,21,21,64,21,64,21,64,21,1517,341,85,21,3655

[3]
sendir,1:1,1,38000,1,69,341,170,21,64,21,21,21,64,21,64,21,21,21,21,21,64,21,21,21,21,21,21,21,64,21,21,21,64,21,21,21,64,21,21,21,21,21,64,21,21,21,21,21,21,21,21,21,21,21,21,21,64,21,21,21,64,21,64,21,64,21,64,21,64,21,64,21,1517,341,85,21,3655

[4]
sendir,1:1,1,38000,1,69,341,170,21,64,21,21,21,64,21,64,21,21,21,21,21,64,21,21,21,21,21,21,21,64,21,21,21,64,21,21,21,64,21,21,21,64,21,21,21,21,21,64,21,64,21,21,21,21,21,21,21,21,21,64,21,64,21,21,21,21,21,64,21,64,21,64,21,1517,341,85,21,3655

[5]
sendir,1:1,1,38000,1,69,341,170,21,64,21,21,21,64,21,64,21,21,21,21,21,64,21,21,21,21,21,21,21,64,21,21,21,64,21,21,21,64,21,21,21,64,21,64,21,21,21,64,21,64,21,21,21,21,21,21,21,21,21,21,21,64,21,21,21,21,21,64,21,64,21,64,21,1517,341,85,21,3655

[6]
sendir,1:1,1,38000,1,69,341,170,21,64,21,21,21,64,21,64,21,21,21,21,21,64,21,21,21,21,21,21,21,64,21,21,21,64,21,21,21,64,21,21,21,21,21,64,21,64,21,64,21,64,21,21,21,21,21,21,21,64,21,21,21,21,21,21,21,21,21,64,21,64,21,64,21,1517,341,85,21,3655

[7]
sendir,1:1,1,38000,1,69,341,170,21,64,21,21,21,64,21,64,21,21,21,21,21,64,21,21,21,21,21,21,21,64,21,21,21,64,21,21,21,64,21,21,21,64,21,21,21,64,21,21,21,64,21,21,21,21,21,21,21,21,21,64,21,21,21,64,21,21,21,64,21,64,21,64,21,1517,341,85,21,3655

[8]
sendir,1:1,1,38000,1,69,341,170,21,64,21,21,21,64,21,64,21,21,21,21,21,64,21,21,21,21,21,21,21,64,21,21,21,64,21,21,21,64,21,21,21,21,21,21,21,21,21,21,21,64,21,21,21,21,21,21,21,64,21,64,21,64,21,64,21,21,21,64,21,64,21,64,21,1517,341,85,21,3655

[9]
sendir,1:1,1,38000,1,69,341,170,21,64,21,21,21,64,21,64,21,21,21,21,21,64,21,21,21,21,21,21,21,64,21,21,21,64,21,21,21,64,21,21,21,21,21,64,21,21,21,64,21,21,21,21,21,21,21,21,21,64,21,21,21,64,21,21,21,64,21,64,21,64,21,64,21,1517,341,85,21,3655

[0]
sendir,1:1,1,38000,1,69,341,170,21,64,21,21,21,64,21,64,21,21,21,21,21,64,21,21,21,21,21,21,21,64,21,21,21,64,21,21,21,64,21,21,21,21,21,21,21,64,21,64,21,21,21,21,21,64,21,21,21,64,21,64,21,21,21,21,21,64,21,64,21,21,21,64,21,1517,341,85,21,3655

[MENU]
sendir,1:1,1,38000,1,69,341,170,21,64,21,21,21,64,21,64,21,21,21,21,21,64,21,21,21,21,21,21,21,64,21,21,21,64,21,21,21,64,21,21,21,64,21,64,21,21,21,21,21,21,21,21,21,64,21,21,21,21,21,21,21,64,21,64,21,64,21,64,21,21,21,64,21,1517,341,85,21,3655

[RETURN]
sendir,1:1,1,38000,1,69,341,170,21,64,21,21,21,64,21,64,21,21,21,21,21,64,21,21,21,21,21,21,21,64,21,21,21,64,21,21,21,64,21,21,21,64,21,21,21,21,21,21,21,64,21,21,21,64,21,21,21,21,21,64,21,64,21,64,21,21,21,64,21,21,21,64,21,1517,341,85,21,3655
